# Created by Octave 4.4.1, Thu Feb 28 23:08:14 2019 GMT <unknown@admin>
# name: featuresX
# type: matrix
# rows: 3
# columns: 2
 2000 1
 3000 3
 5000 5


